180,3
180,2
180,1
180,0
179,3
179,2
179,1
179,0
178,5
178,4
178,3
178,2
178,1
178,0
177,3
177,2
177,1
177,0
176,4
176,3
176,2
176,1
176,0
175,4
175,3
175,2
175,1
175,0
174,3
174,2
174,1
174,0
173,3
173,2
173,1
173,0
172,3
172,2
172,1
172,0
171,5
171,4
171,3
171,2
171,1
171,0
170,3
170,2
170,1
170,0
169,4
169,3
169,2
169,1
169,0
168,4
168,3
168,2
168,1
168,0
167,3
167,2
167,1
167,0
166,3
166,2
166,1
166,0
165,3
165,2
165,1
165,0
164,5
164,4
164,3
164,2
164,1
164,0
163,3
163,2
163,1
163,0
162,4
162,3
162,2
162,1
162,0
161,4
161,3
161,2
161,1
161,0
160,3
160,2
160,1
160,0
159,3
159,2
159,1
159,0
158,3
158,2
158,1
158,0
157,5
157,4
157,3
157,2
157,1
157,0
156,3
156,2
156,1
156,0
155,4
155,3
155,2
155,1
155,0
154,4
154,3
154,2
154,1
154,0
153,3
153,2
153,1
153,0
152,5
152,4
152,3
152,2
152,1
152,0
151,3
151,2
151,1
151,0
150,4
150,3
150,2
150,1
150,0
149,4
149,3
149,2
149,1
149,0
148,3
148,2
148,1
148,0
147,5
147,4
147,3
147,2
147,1
147,0
146,3
146,2
146,1
146,0
145,4
145,3
145,2
145,1
145,0
144,4
144,3
144,2
144,1
144,0
143,3
143,2
143,1
143,0
142,5
142,4
142,3
142,2
142,1
142,0
141,3
141,2
141,1
141,0
140,4
140,3
140,2
140,1
140,0
139,4
139,3
139,2
139,1
139,0
138,3
138,2
138,1
138,0
137,5
137,4
137,3
137,2
137,1
137,0
136,3
136,2
136,1
136,0
135,4
135,3
135,2
135,1
135,0
134,4
134,3
134,2
134,1
134,0
133,3
133,2
133,1
133,0
132,5
132,4
132,3
132,2
132,1
132,0
131,3
131,2
131,1
131,0
130,4
130,3
130,2
130,1
130,0
129,4
129,3
129,2
129,1
129,0
128,3
128,2
128,1
128,0
127,5
127,4
127,3
127,2
127,1
127,0
126,3
126,2
126,1
126,0
125,4
125,3
125,2
125,1
125,0
124,4
124,3
124,2
124,1
124,0
123,3
123,2
123,1
123,0
122,5
122,4
122,3
122,2
122,1
122,0
121,3
121,2
121,1
121,0
120,4
120,3
120,2
120,1
120,0
119,4
119,3
119,2
119,1
119,0
118,3
118,2
118,1
118,0
117,5
117,4
117,3
117,2
117,1
117,0
116,3
116,2
116,1
116,0
115,4
115,3
115,2
115,1
115,0
114,4
114,3
114,2
114,1
114,0
113,3
113,2
113,1
